Intersection_id,1_AM_count,2_AM_count,3_AM_count,4_AM_count,5_AM_count,6_AM_count,7_AM_count,8_AM_count,9_AM_count,10_AM_count,11_AM_count,12_AM_count,1_PM_count,2_PM_count,3_PM_count,4_PM_count,5_PM_count,6_PM_count,7_PM_count,8_PM_count,9_PM_count,10_PM_count,11_PM_count,12_PM_count
1,5,5,9,7,14,4,10,8,5,13,8,9,17,7,11,8,17,20,20,15,23,25,19,19
2,2,3,2,0,3,1,3,2,2,6,2,3,8,1,5,2,6,7,6,6,4,8,8,11
3,3,1,3,7,9,2,5,5,2,9,6,3,14,6,8,8,8,12,10,12,11,11,7,17
4,2,2,4,5,4,6,7,3,5,9,11,8,21,6,16,12,17,14,15,15,14,10,12,22
5,3,2,4,2,1,5,6,4,3,6,3,4,10,10,4,4,10,13,12,4,7,5,10,4
6,4,1,2,4,3,5,0,10,4,9,3,7,10,9,8,12,7,14,7,18,5,10,13,8
7,1,2,2,1,1,0,2,5,4,4,2,3,5,6,3,8,3,4,8,7,3,2,4,8
8,3,4,3,1,2,3,2,2,5,1,2,3,4,3,1,3,7,2,4,9,5,5,2,7
9,10,3,7,11,5,4,8,5,5,9,6,9,19,14,9,13,15,10,16,13,11,13,23,20
10,0,0,1,0,1,3,0,0,0,0,1,0,0,0,0,2,2,0,3,1,0,3,1,0
11,8,3,3,2,3,5,6,7,5,8,4,7,15,10,14,14,9,15,14,7,13,18,17,14
12,3,2,1,6,4,1,3,3,4,1,4,1,6,4,4,6,7,1,4,3,8,6,5,11
13,6,2,3,1,1,0,0,1,1,2,0,1,6,3,6,3,3,2,3,8,2,6,6,4
14,4,0,2,0,1,4,5,2,3,3,3,2,5,2,2,5,5,6,5,2,3,10,3,3
15,0,0,0,3,2,1,1,2,2,1,0,0,0,1,1,1,1,2,0,0,3,3,1,1
16,2,3,0,3,6,0,2,2,3,7,2,7,2,3,6,8,4,3,5,6,10,9,5,8
17,5,3,5,5,11,7,3,8,8,11,10,8,5,5,10,13,10,4,12,9,11,10,7,13
18,5,3,4,3,4,2,3,7,4,2,1,5,4,3,2,3,6,2,9,8,5,3,6,5
19,0,1,1,2,4,1,2,3,2,2,3,0,6,3,4,2,4,3,2,8,5,5,2,5
20,0,0,0,1,4,1,1,3,1,3,2,2,1,3,1,0,0,1,2,4,3,0,2,3
21,2,3,5,2,3,2,2,1,4,2,1,2,3,3,1,4,4,7,5,7,3,4,6,5
22,4,2,2,7,5,0,2,2,4,7,4,4,8,3,11,7,7,8,6,6,9,4,11,2
23,5,1,2,7,3,3,9,1,7,3,3,4,14,8,10,7,6,12,6,9,7,10,7,14
24,0,5,2,1,3,1,2,6,4,4,6,5,3,3,5,6,6,8,1,7,4,7,6,4
25,2,1,4,3,3,0,3,3,3,2,3,1,1,3,6,4,4,1,4,3,3,2,2,6
26,3,5,6,5,3,6,8,1,2,5,3,2,5,2,2,6,7,4,6,3,5,7,7,6
27,0,2,2,0,1,1,2,1,1,2,2,2,2,1,4,4,2,2,2,2,1,3,2,4
28,0,0,1,4,4,1,4,0,7,8,4,5,7,3,4,8,7,5,3,12,2,5,9,10
29,0,0,0,1,1,0,0,1,0,0,0,0,1,0,0,1,0,2,0,1,0,1,2,1
30,4,1,1,0,0,2,0,0,3,2,1,2,4,2,2,4,2,3,1,0,0,3,3,2
31,0,2,1,0,1,0,0,0,0,0,0,0,0,0,1,1,0,2,0,0,2,1,0,0
32,1,0,0,1,1,1,1,2,2,0,2,0,1,0,0,1,0,0,2,3,0,0,4,1
33,0,0,0,1,0,0,0,0,0,0,0,0,0,0,0,0,1,0,0,0,1,0,0,0
34,0,0,0,1,1,0,1,1,0,0,0,1,2,3,1,0,5,0,0,1,1,1,1,0
35,2,0,1,1,3,2,3,7,1,5,3,3,2,2,5,2,6,2,7,1,4,7,6,6
36,0,0,1,1,0,0,0,0,0,1,0,0,0,0,1,1,0,2,1,0,1,1,1,0
37,0,0,0,0,0,0,0,0,0,0,0,0,1,0,0,0,0,0,0,0,0,1,0,0
38,3,0,3,3,3,0,0,3,0,0,0,2,2,1,4,3,3,1,2,0,2,1,1,3
