Intersection_id,Rd1_id,Rd2_id,Latitude,Longitude,Rd1_sp,Rd2_sp,Rd1_1_lane,Rd1_2_lane,Rd2_1_lane,Rd2_2_lane,lane_id,year,Big1_1_AM,Small1_1_AM,Scooter1_1_AM,PCU1_1_AM,Trun1_1_AM,Big1_2_AM,Small1_2_AM,Scooter1_2_AM,PCU1_2_AM,Trun1_2_AM,Big2_1_AM,Small2_1_AM,Scooter2_1_AM,PCU2_1_AM,Trun2_1_AM,Big2_2_AM,Small2_2_AM,Scooter2_2_AM,PCU2_2_AM,Trun2_2_AM,Big1_1_PM,Small1_1_PM,Scooter1_1_PM,PCU1_1_PM,Trun1_1_PM,Big1_2_PM,Small1_2_PM,Scooter1_2_PM,PCU1_2_PM,Trun1_2_PM,Big2_1_PM,Small2_1_PM,Scooter2_1_PM,PCU2_1_PM,Trun2_1_PM,Big2_2_PM,Small2_2_PM,Scooter2_2_PM,PCU2_2_PM,Trun2_2_PM
1,1,7,25.045184,121.557793,36,39,2,2,3,4,(ACBD),102,0,24,76,1392,7,0,48,52,3258,50,2,32,66,1686,27,3,58,39,2135,35,0,31,69,1681,8,0,47,53,2942,47,3,43,54,1223,35,2,53,45,2444,26
2,1,8,25.044416,121.553781,36,44,2,2,4,4,(ACBD),102,0,24,76,1761,18,0,20,80,2376,16,3,46,51,3173,10,5,55,40,1930,19,0,20,80,2119,18,0,30,70,2205,22,4,47,49,2317,17,4,55,41,2684,22
3,1,9,25.044902,121.548899,36,43,2,2,4,4,(ACBD),102,0,25,75,1701,18,0,18,82,2454,24,1,28,71,2430,9,2,27,71,2020,11,0,26,74,2426,18,1,29,70,1898,24,1,42,57,1786,10,1,30,69,2186,17
4,1,10,25.044883,121.543814,36,42,4,3,2,2,(ACBD),103,0,47,53,2499,23,0,27,73,3734,4,4,44,52,900,55,2,63,35,710,58,0,35,65,2790,18,0,36,64,2688,7,3,55,42,922,51,1,52,47,1061,49
5,1,11,25.045456,121.532924,36,51,3,3,4,5,(ACBD),102,1,41,58,2574,11,0,26,74,4021,3,11,88,1,1087,3,10,80,10,814,33,0,32,68,3599,6,0,42,58,3092,9,12,86,2,897,9,6,83,11,1375,31
6,2,7,25.041491,121.557740,50,39,4,4,3,4,(ACBD),102,2,35,63,3020,18,3,47,50,2220,10,2,41,57,1927,25,2,47,51,2139,35,2,35,63,3174,21,3,43,54,2140,13,2,37,61,1192,17,2,52,46,2440,36
7,2,8,25.041520,121.548835,50,44,5,4,5,5,(ACBD),102,4,44,52,2341,13,3,52,45,3038,15,3,46,51,3412,8,5,43,52,2352,12,2,43,55,2578,10,3,54,43,3094,16,4,49,47,2525,12,4,49,47,3117,14
8,2,9,25.041753,121.543910,50,43,5,4,4,4,(ACBD),102,5,46,49,2180,20,3,48,49,3464,10,1,29,70,2312,6,2,38,60,2231,32,3,44,53,3020,22,3,57,40,3328,15,1,36,63,1714,9,1,34,65,2403,28
9,2,10,25.041763,121.537108,50,42,4,4,4,5,(ACBD),103,6,56,38,1917,36,2,42,56,2545,14,2,31,67,2079,11,1,54,45,1955,48,3,55,42,2480,31,3,49,48,2290,17,1,52,47,1922,16,1,50,49,2586,50
10,2,11,25.042414,121.532870,50,51,5,5,4,4,(ACBD),102,5,46,49,1951,12,4,59,37,2231,8,1,24,75,3429,14,4,30,66,1159,10,3,41,56,3021,12,4,69,27,1941,12,2,33,65,2108,13,2,32,66,1865,14
11,3,7,25.037729,121.557589,45,39,4,3,3,3,(ACBD),102,2,62,36,1821,14,7,53,40,946,15,1,40,59,1635,16,2,46,52,1225,22,3,56,41,2285,11,4,69,27,833,14,1,44,55,1247,25,2,41,57,1664,19
12,3,8,25.037981,121.548792,45,44,5,1,5,4,(ADBE),102,2,68,30,2686,16,100,0,0,112,50,2,51,47,4137,26,4,54,42,2457,53,2,58,40,3246,23,100,0,0,89,49,3,56,41,2691,26,3,51,46,2698,55
13,3,9,25.037981,121.543728,45,43,9,1,3,4,(ACBD),104,2,65,33,2709,15,100,0,0,97,0,1,29,70,2494,18,1,37,62,1744,23,1,58,41,3361,17,100,0,0,95,0,2,40,58,1907,21,1,36,63,2356,23
14,3,10,25.038186,121.537848,45,42,10,1,4,7,(ACBD),102,2,69,29,3876,37,100,0,0,92,0,1,28,71,2263,20,1,50,49,1721,47,2,52,46,5454,35,100,0,0,85,0,1,43,56,1194,27,0,32,68,2380,38
15,3,11,25.038152,121.532774,45,51,5,1,5,5,(ACBD),102,1,64,35,2787,16,100,0,0,81,0,1,28,71,3559,15,3,40,57,1247,14,1,52,47,4091,21,100,0,0,63,0,2,39,59,1855,19,2,26,72,2329,14
16,4,7,25.033092,121.557487,35,39,1,5,3,3,(ACBD),103,100,0,0,117,37,2,59,39,4089,19,1,53,46,2372,9,3,57,40,2230,12,100,0,0,137,36,3,56,41,3697,21,1,52,47,2400,9,3,57,40,2148,14
17,4,8,25.033262,121.548792,35,44,1,6,5,5,(ACBD),102,100,0,0,173,31,2,48,50,3160,20,2,57,41,3150,11,5,43,52,978,1,100,0,0,155,32,3,57,40,2696,21,3,63,34,2283,19,4,52,44,1743,2
18,4,9,25.033398,121.543599,35,43,1,5,3,4,(ACBD),102,100,0,0,145,24,2,44,54,3276,11,1,31,68,2399,14,2,36,62,1686,15,100,0,0,155,28,2,55,43,2635,19,1,43,56,1452,17,1,31,68,2320,11
19,4,10,25.033524,121.537838,35,42,1,6,4,5,(ACBD),104,100,0,0,113,0,1,36,63,3377,17,1,45,54,1564,9,2,65,33,1855,56,100,0,0,119,0,2,55,43,2735,29,1,66,33,1200,22,1,41,58,2286,34
20,4,11,25.033665,121.532720,35,51,1,5,5,5,(ACBD),102,100,0,0,227,0,3,44,53,3665,27,2,24,74,3120,13,8,45,47,1090,12,100,0,0,214,0,4,55,41,3082,30,3,36,61,1448,21,4,39,57,1907,16
21,4,12,25.034059,121.527280,35,49,5,5,3,3,(ACBD),102,100,0,0,126,0,2,44,54,2479,21,1,53,46,1530,17,1,68,31,1390,25,100,0,0,113,0,3,53,44,2130,28,1,60,39,1241,21,1,53,46,1996,24
22,5,8,25.024634,121.548717,44,44,3,3,4,5,(ACBD),103,2,26,72,1859,12,3,35,62,1808,28,1,41,58,3386,1,5,58,37,1090,14,2,25,73,1763,10,4,43,53,1767,23,2,60,38,1641,3,2,50,48,2627,5
23,5,9,25.024853,121.543433,44,43,3,5,3,4,(ACBD),102,4,39,57,1201,15,2,40,58,3107,22,1,33,66,1998,17,3,51,46,1025,31,2,32,66,2176,12,2,42,56,2446,25,1,42,57,1173,19,2,38,60,2091,36
24,5,10,25.025709,121.537671,44,42,4,4,4,5,(ACBD),104,4,53,43,1497,21,3,40,57,1748,14,1,50,49,1646,26,1,78,21,1285,47,3,47,50,1578,18,4,46,50,1471,19,1,60,39,1065,27,1,61,38,1637,43
25,5,11,25.026083,121.534871,44,51,4,5,5,5,(ACBD),103,3,44,53,2113,22,2,30,68,2409,17,2,29,69,4561,20,5,49,46,1081,34,2,32,66,3016,15,3,40,57,1838,24,4,40,56,1598,37,2,38,60,1980,29
26,5,12,25.026885,121.525892,44,49,4,4,4,3,(ACBD),100,4,53,43,2208,30,2,24,74,2536,21,0,5,95,243,17,5,52,43,774,100,2,32,66,2678,20,3,34,63,1640,23,0,29,71,190,63,1,55,44,1996,100
27,5,13,25.027093,121.522466,44,45,4,3,4,4,(ACBD),102,4,49,47,2044,38,1,23,76,2953,5,2,32,66,3092,11,3,35,62,1531,8,2,30,68,3656,25,2,30,68,1546,10,3,37,60,1974,17,2,33,65,2586,8
29,14,4,25.024527,121.552507,44,44,3,3,3,3,(BDCF),102,3,41,56,1792,42,3,35,62,1417,55,1,27,72,3793,8,3,50,47,2882,22,5,39,56,1215,38,3,34,63,1992,47,2,37,61,1618,14,1,39,60,3783,19
31,14,6,25.019238,121.546585,44,44,5,5,5,4,(ACBD),103,1,25,74,2458,59,1,58,41,1710,76,1,30,69,4609,25,5,45,50,1351,36,1,41,58,1678,66,0,20,80,1915,65,3,44,53,2260,34,2,21,77,2932,26
32,14,15,25.017274,121.544364,44,30,1,1,5,4,(ACBD),99,1,39,60,223,92,1,57,42,70,61,2,21,77,3773,1,4,42,54,2105,5,0,42,58,193,94,1,49,50,113,61,3,41,56,1898,3,2,18,80,2577,1	
33,14,13,25.011246,121.537197,44,45,3,4,2,3,(DFAE),102,1,32,67,2502,14,2,26,72,2617,35,2,24,74,1808,38,1,21,78,4322,21,1,35,64,1820,27,1,26,73,3697,18,1,15,84,4382,32,2,23,75,1459,40
34,6,9,25.021319,121.543366,44,43,6,5,2,3,(ACBD),102,1,66,33,4986,47,1,66,33,3080,2,0,16,84,233,22,1,66,33,1105,93,1,75,24,3289,33,1,63,36,2709,0,0,30,70,121,39,1,44,55,1766,99
36,6,11,25.022485,121.534450,44,51,3,3,4,4,(ACBD),102,1,57,42,1134,50,2,41,57,1253,36,2,14,84,3443,25,5,49,46,991,28,0,35,65,1629,27,3,45,52,1002,42,4,31,65,1478,23,2,30,68,2077,23
37,6,13,25.019773,121.529279,44,45,4,4,4,4,(ACBD),100,2,69,29,1203,55,1,46,53,1472,26,3,34,63,2493,24,3,31,66,1545,24,1,43,56,1649,29,2,62,36,1130,27,3,34,63,2029,31,2,29,69,2749,26
38,13,11,25.016389,121.532680,45,51,5,5,1,5,(ACBD),102,5,34,61,4005,34,4,28,68,1807,7,0,10,90,1855,1,11,49,40,840,100,6,31,63,2870,30,3,33,64,2146,5,0,18,82,514,12,3,34,63,2545,100
